Name = FX 60-100
Mach = 0; Re = 100000; T.U. = 1.0; T.L. = 1.0
Surface Finish = 0; Stall model = 0; Transition model = 1; Aspect Ratio = 0; ground effect = 0
Éø	Cl	Cd	Cm 0.25	T.U.	T.L.	S.U.	S.L.	L/D	A.C.	C.P.
[Åã]	[-]	[-]	[-]	[-]	[-]	[-]	[-]	[-]	[-]	[-]
-180.0	-0.543	0.01187	-0.112	0.639	0.380	0.977	0.993	-45.759	0.236	0.043
-179.0	-0.662	0.01306	-0.114	0.525	0.415	0.991	1.000	-50.666	0.237	0.078
-178.0	-0.780	0.00957	-0.115	0.457	0.431	1.000	1.000	-81.504	0.239	0.102
-177.0	-0.898	0.00694	-0.117	0.084	0.486	1.000	1.000	-129.453	0.239	0.120
-176.0	-1.010	0.00551	-0.118	0.049	0.543	1.000	1.000	-183.221	0.239	0.133
-175.0	-1.113	0.00447	-0.119	0.045	0.564	1.000	1.000	-248.759	0.237	0.143
-174.0	-1.202	0.00390	-0.120	0.026	1.000	1.000	1.000	-308.566	0.234	0.150
-173.0	-1.270	0.00416	-0.121	0.016	1.000	1.000	1.000	-305.108	0.253	0.154
-172.0	-1.310	0.03638	-0.120	0.014	1.000	0.889	1.000	-36.027	0.317	0.159
-171.0	-1.320	0.03517	-0.118	0.001	1.000	0.783	1.000	-37.526	-6.578	0.161
-170.0	-1.297	0.02233	-0.031	0.000	1.000	0.001	1.000	-58.097	-0.947	0.226
-169.0	-1.246	0.03292	-0.029	0.000	1.000	0.001	1.000	-37.844	0.240	0.226
-168.0	-1.172	0.04577	-0.029	0.000	1.000	0.001	1.000	-25.599	0.255	0.225
-167.0	-1.082	0.06531	-0.030	0.000	1.000	0.001	1.000	-16.572	0.258	0.222
-166.0	-0.986	0.08160	-0.031	0.000	1.000	0.001	1.000	-12.079	0.257	0.219
-165.0	-0.888	0.11456	-0.032	0.000	1.000	0.001	1.000	-7.752	0.260	0.215
-164.0	-0.794	0.14687	-0.033	0.000	1.000	0.001	1.000	-5.408	0.262	0.209
-163.0	-0.707	0.18472	-0.034	0.000	1.000	0.001	1.000	-3.827	0.257	0.202
-162.0	-0.628	0.22871	-0.034	0.000	1.000	0.001	1.000	-2.745	0.267	0.196
-161.0	-0.557	0.16841	-0.036	0.000	1.000	0.001	1.000	-3.308	0.274	0.185
-160.0	-0.495	0.19032	-0.037	0.001	1.000	0.001	1.000	-2.599	0.279	0.175
-159.0	-0.440	0.23286	-0.040	0.001	1.000	0.002	1.000	-1.889	0.277	0.160
-158.0	-0.392	0.26580	-0.040	0.001	1.000	0.002	1.000	-1.475	0.263	0.148
-157.0	-0.350	0.30369	-0.041	0.001	1.000	0.002	1.000	-1.154	0.287	0.134
-156.0	-0.314	0.34930	-0.043	0.001	1.000	0.002	1.000	-0.899	0.291	0.114
-155.0	-0.282	0.39530	-0.044	0.001	1.000	0.003	1.000	-0.714	0.287	0.096
-154.0	-0.255	0.43691	-0.045	0.001	1.000	0.003	1.000	-0.583	0.292	0.073
-153.0	-0.231	0.49943	-0.046	0.001	1.000	0.003	1.000	-0.462	0.295	0.051
-152.0	-0.209	0.55594	-0.047	0.001	1.000	0.003	1.000	-0.376	0.301	0.025
-151.0	-0.191	0.63018	-0.048	0.001	1.000	0.003	1.000	-0.302	0.313	-0.001
-150.0	-0.174	0.71871	-0.049	0.001	1.000	0.004	1.000	-0.242	0.311	-0.033
-149.0	-0.160	0.77326	-0.050	0.001	1.000	0.004	1.000	-0.206	0.286	-0.061
-148.0	-0.147	0.85341	-0.050	0.001	1.000	0.004	1.000	-0.172	0.338	-0.093
-147.0	-0.135	0.66325	-0.052	0.001	1.000	0.004	1.000	-0.204	0.335	-0.133
-146.0	-0.125	0.71462	-0.052	0.001	1.000	0.004	1.000	-0.175	0.367	-0.168
-145.0	-0.116	0.78733	-0.054	0.001	1.000	0.005	1.000	-0.147	0.362	-0.217
-144.0	-0.108	0.82419	-0.054	0.001	1.000	0.005	1.000	-0.130	0.348	-0.253
-143.0	-0.100	0.90841	-0.056	0.001	1.000	0.006	1.000	-0.110	0.380	-0.306
-142.0	-0.093	0.95540	-0.056	0.001	1.000	0.006	1.000	-0.098	0.364	-0.348
-141.0	-0.087	1.02696	-0.057	0.001	1.000	0.006	1.000	-0.085	0.398	-0.403
-140.0	-0.082	1.12161	-0.058	0.001	1.000	0.006	1.000	-0.073	0.406	-0.453
-139.0	-0.077	1.20235	-0.059	0.001	1.000	0.007	1.000	-0.064	0.364	-0.512
-138.0	-0.073	1.22197	-0.059	0.001	1.000	0.006	1.000	-0.059	0.427	-0.560
-137.0	-0.068	1.36675	-0.060	0.001	1.000	0.007	1.000	-0.050	0.411	-0.630
-136.0	-0.065	1.39223	-0.060	0.001	1.000	0.007	1.000	-0.046	-0.258	-0.678
-135.0	-0.055	1.57782	-0.053	0.001	0.500	0.008	0.500	-0.035	-0.276	-0.720
-134.0	-0.052	1.62530	-0.053	0.001	0.500	0.007	0.500	-0.032	0.390	-0.773
-133.0	-0.050	1.69020	-0.054	0.001	0.500	0.008	0.500	-0.029	0.593	-0.842
-132.0	-0.047	1.84581	-0.055	0.001	0.500	0.008	0.500	-0.026	0.444	-0.917
-131.0	-0.045	1.90845	-0.055	0.001	0.500	0.008	0.500	-0.024	0.405	-0.973
-130.0	-0.043	1.98974	-0.056	0.001	0.500	0.009	0.500	-0.022	0.598	-1.047
-129.0	-0.041	2.07199	-0.056	0.001	0.500	0.009	0.500	-0.020	0.414	-1.123
-128.0	-0.039	2.15155	-0.056	0.001	0.500	0.009	0.500	-0.018	0.415	-1.182
-127.0	-0.038	2.25783	-0.057	0.001	0.500	0.009	0.500	-0.017	0.662	-1.259
-126.0	-0.036	2.02361	-0.058	0.001	0.500	0.010	0.500	-0.018	0.636	-1.340
-125.0	-0.035	2.03998	-0.058	0.001	0.500	0.010	0.500	-0.017	0.366	-1.416
-124.0	-0.034	2.11709	-0.058	0.002	0.500	0.010	0.500	-0.016	0.438	-1.476
-123.0	-0.032	2.24311	-0.059	0.002	0.500	0.011	0.500	-0.014	0.685	-1.558
-122.0	-0.031	2.26451	-0.059	0.002	0.500	0.011	0.500	-0.014	0.346	-1.635
-121.0	-0.030	2.37309	-0.059	0.002	0.500	0.011	0.500	-0.013	0.335	-1.694
-120.0	-0.029	2.41876	-0.059	0.002	0.500	0.011	0.500	-0.012	0.616	-1.771
-119.0	-0.028	2.46368	-0.060	0.002	0.500	0.012	0.500	-0.012	0.636	-1.847
-118.0	-0.028	2.51224	-0.060	0.002	0.500	0.012	0.502	-0.011	0.672	-1.923
-117.0	-0.027	2.57943	-0.060	0.002	0.500	0.012	0.504	-0.010	0.229	-1.998
-116.0	-0.026	2.60032	-0.060	0.002	0.500	0.012	0.507	-0.010	0.208	-2.047
-115.0	-0.025	2.68442	-0.060	0.002	0.500	0.012	0.509	-0.009	0.710	-2.120
-114.0	-0.025	2.76378	-0.060	0.002	0.500	0.013	0.512	-0.009	0.572	-2.192
-113.0	-0.024	2.72327	-0.061	0.002	0.500	0.013	0.515	-0.009	0.560	-2.255
-112.0	-0.024	2.83560	-0.061	0.002	0.500	0.013	0.518	-0.008	0.079	-2.324
-111.0	-0.023	2.89416	-0.060	0.002	0.502	0.013	0.520	-0.008	-0.144	-2.363
-110.0	-0.023	2.88314	-0.060	0.002	0.503	0.013	0.523	-0.008	0.317	-2.420
-109.0	-0.022	2.88279	-0.060	0.002	0.505	0.013	0.525	-0.008	0.456	-2.474
-108.0	-0.022	3.01799	-0.061	0.002	0.506	0.013	0.527	-0.007	0.417	-2.534
-107.0	-0.021	3.02835	-0.061	0.002	0.507	0.014	0.529	-0.007	0.170	-2.583
-106.0	-0.021	3.05238	-0.061	0.002	0.508	0.014	0.531	-0.007	-0.771	-2.630
-105.0	-0.021	3.54445	-0.060	0.002	0.509	0.013	0.534	-0.006	-0.894	-2.644
-104.0	-0.020	3.58044	-0.060	0.002	0.511	0.013	0.536	-0.006	0.008	-2.685
-103.0	-0.020	3.62812	-0.060	0.002	0.511	0.014	0.538	-0.006	-0.084	-2.722
-102.0	-0.020	3.68478	-0.060	0.002	0.512	0.014	0.540	-0.005	-0.477	-2.756
-101.0	-0.020	3.59732	-0.059	0.002	0.513	0.014	0.542	-0.005	-0.613	-2.780
-100.0	-0.019	3.65614	-0.059	0.002	0.514	0.014	0.544	-0.005	-0.774	-2.807
-99.0	-0.019	3.57916	-0.059	0.002	0.515	0.014	0.546	-0.005	-0.952	-2.823
-98.0	-0.019	3.67069	-0.059	0.002	0.516	0.014	0.549	-0.005	-1.157	-2.844
-97.0	-0.019	3.61895	-0.058	0.002	0.517	0.014	0.551	-0.005	-1.904	-2.853
-96.0	-0.019	3.57466	-0.058	0.002	0.518	0.014	0.553	-0.005	-2.305	-2.859
-95.0	-0.019	3.54074	-0.058	0.002	0.519	0.014	0.555	-0.005	-2.817	-2.861
-94.0	-0.018	3.51243	-0.057	0.002	0.520	0.014	0.557	-0.005	-3.490	-2.859
-93.0	-0.018	3.49706	-0.057	0.002	0.520	0.014	0.559	-0.005	-7.156	-2.854
-92.0	-0.018	3.56529	-0.056	0.002	0.521	0.014	0.562	-0.005	-9.348	-2.823
-91.0	-0.018	3.56359	-0.056	0.002	0.522	0.014	0.564	-0.005	-9.968	-2.811
-90.0	-0.018	4.11196	-0.055	0.002	0.523	0.013	0.566	-0.004	-17.644	-2.788
-89.0	-0.018	4.10902	-0.055	0.002	0.523	0.013	0.570	-0.004	-52.671	-2.770
-88.0	-0.018	4.12557	-0.055	0.002	0.524	0.013	0.573	-0.004	54.253	-2.748
-87.0	-0.018	3.99432	-0.054	0.002	0.525	0.013	0.575	-0.005	18.095	-2.716
-86.0	-0.018	4.01909	-0.054	0.002	0.526	0.013	0.579	-0.005	1.268	-2.688
-85.0	-0.016	3.25889	-0.056	0.520	0.005	0.574	0.018	-0.005	1.185	-3.254
-84.0	-0.016	3.27169	-0.056	0.519	0.005	0.569	0.018	-0.005	10.660	-3.206
-83.0	-0.016	2.57747	-0.055	0.518	0.005	0.565	0.018	-0.006	8.411	-3.156
-82.0	-0.016	2.58316	-0.054	0.517	0.005	0.561	0.018	-0.006	6.946	-3.103
-81.0	-0.016	2.59030	-0.054	0.516	0.005	0.556	0.018	-0.006	6.624	-3.048
-80.0	-0.016	2.52967	-0.053	0.515	0.005	0.552	0.017	-0.007	5.708	-2.982
-79.0	-0.017	2.53892	-0.053	0.514	0.005	0.548	0.017	-0.007	4.509	-2.922
-78.0	-0.017	2.54962	-0.052	0.513	0.005	0.545	0.017	-0.007	4.466	-2.859
-77.0	-0.017	3.08534	-0.051	0.512	0.005	0.541	0.017	-0.005	2.904	-2.788
-76.0	-0.017	2.51610	-0.051	0.511	0.005	0.537	0.018	-0.007	2.614	-2.743
-75.0	-0.017	2.46364	-0.050	0.510	0.005	0.534	0.018	-0.007	3.261	-2.668
-74.0	-0.017	2.08295	-0.050	0.509	0.005	0.531	0.018	-0.008	2.939	-2.600
-73.0	-0.018	2.04075	-0.049	0.507	0.005	0.529	0.017	-0.009	2.942	-2.524
-72.0	-0.018	2.54302	-0.048	0.506	0.005	0.526	0.017	-0.007	2.709	-2.446
-71.0	-0.018	2.50625	-0.048	0.505	0.005	0.524	0.017	-0.007	2.488	-2.369
-70.0	-0.019	2.46381	-0.047	0.504	0.005	0.521	0.017	-0.008	2.289	-2.290
-69.0	-0.019	2.42502	-0.047	0.503	0.005	0.519	0.017	-0.008	2.119	-2.212
-68.0	-0.019	2.38948	-0.046	0.501	0.005	0.517	0.016	-0.008	1.359	-2.133
-67.0	-0.020	2.40573	-0.046	0.500	0.005	0.514	0.017	-0.008	1.417	-2.077
-66.0	-0.020	2.29640	-0.045	0.500	0.005	0.511	0.017	-0.009	1.853	-1.992
-65.0	-0.021	2.27388	-0.044	0.500	0.005	0.508	0.016	-0.009	1.596	-1.913
-64.0	-0.021	2.25462	-0.044	0.500	0.005	0.505	0.016	-0.009	1.599	-1.834
-63.0	-0.021	2.15683	-0.043	0.500	0.005	0.502	0.016	-0.010	1.473	-1.751
-62.0	-0.022	2.13569	-0.042	0.500	0.005	0.500	0.016	-0.010	0.938	-1.675
-61.0	-0.023	2.09721	-0.042	0.500	0.005	0.500	0.016	-0.011	0.937	-1.615
-60.0	-0.023	2.01756	-0.042	0.500	0.005	0.500	0.016	-0.012	1.129	-1.537
-59.0	-0.024	2.01443	-0.041	0.500	0.005	0.500	0.015	-0.012	1.055	-1.465
-58.0	-0.025	1.93555	-0.040	0.500	0.005	0.500	0.015	-0.013	0.768	-1.389
-57.0	-0.025	1.90965	-0.040	0.500	0.005	0.500	0.015	-0.013	0.715	-1.331
-56.0	-0.026	1.83049	-0.040	0.500	0.005	0.500	0.015	-0.014	0.921	-1.258
-55.0	-0.027	1.76701	-0.039	0.500	0.005	0.500	0.015	-0.015	0.864	-1.187
-54.0	-0.028	1.70593	-0.039	0.500	0.005	0.500	0.014	-0.017	0.810	-1.117
-53.0	-0.029	1.64284	-0.038	0.500	0.005	0.500	0.014	-0.018	0.552	-1.049
-52.0	-0.030	1.62745	-0.038	0.500	0.004	0.500	0.014	-0.019	0.518	-0.997
-51.0	-0.032	1.57264	-0.037	0.500	0.004	0.500	0.014	-0.020	0.666	-0.932
-50.0	-0.033	1.51395	-0.037	0.500	0.004	0.500	0.013	-0.022	0.543	-0.869
-49.0	-0.034	1.42273	-0.037	0.500	0.004	0.500	0.013	-0.024	0.512	-0.814
-48.0	-0.036	1.37420	-0.036	0.500	0.004	0.500	0.013	-0.026	-0.971	-0.755
-47.0	-0.038	1.77389	-0.040	0.899	0.004	0.908	0.013	-0.021	-0.869	-0.828
-46.0	-0.039	1.69168	-0.040	0.899	0.004	0.909	0.013	-0.023	0.558	-0.765
-45.0	-0.041	1.49817	-0.039	0.899	0.004	0.910	0.012	-0.028	0.397	-0.701
-44.0	-0.043	1.44921	-0.039	0.899	0.004	0.910	0.012	-0.030	0.378	-0.655
-43.0	-0.046	1.29779	-0.039	0.899	0.004	0.911	0.012	-0.035	0.415	-0.596
-42.0	-0.048	1.23409	-0.039	0.900	0.004	0.912	0.012	-0.039	0.370	-0.548
-41.0	-0.051	1.14905	-0.038	0.900	0.004	0.912	0.011	-0.044	0.353	-0.496
-40.0	-0.054	1.07815	-0.038	0.900	0.003	0.913	0.011	-0.050	0.340	-0.451
-39.0	-0.057	0.99296	-0.038	0.899	0.003	0.914	0.011	-0.058	0.389	-0.404
-38.0	-0.061	0.93994	-0.037	0.899	0.003	0.915	0.010	-0.065	0.316	-0.356
-37.0	-0.065	0.89272	-0.037	0.899	0.003	0.916	0.011	-0.073	0.307	-0.319
-36.0	-0.069	0.82971	-0.036	0.899	0.003	0.916	0.010	-0.084	0.298	-0.275
-35.0	-0.074	0.78521	-0.037	0.899	0.003	0.916	0.010	-0.095	0.306	-0.242
-34.0	-0.080	1.03660	-0.036	0.899	0.003	0.917	0.009	-0.077	0.310	-0.200
-33.0	-0.086	0.96084	-0.036	0.899	0.003	0.917	0.009	-0.089	0.290	-0.169
-32.0	-0.092	0.89077	-0.035	0.899	0.003	0.917	0.009	-0.104	0.295	-0.133
-31.0	-0.100	0.83417	-0.035	0.899	0.003	0.918	0.009	-0.120	0.291	-0.103
-30.0	-0.108	0.77228	-0.035	0.899	0.003	0.918	0.008	-0.140	0.275	-0.072
-29.0	-0.117	0.71842	-0.035	0.899	0.002	0.919	0.008	-0.163	0.273	-0.047
-28.0	-0.128	0.66073	-0.034	0.898	0.002	0.919	0.007	-0.193	0.269	-0.019
-27.0	-0.139	0.59740	-0.034	0.898	0.002	0.919	0.007	-0.233	0.275	0.003
-26.0	-0.152	0.53932	-0.034	0.898	0.002	0.919	0.007	-0.282	0.264	0.028
-25.0	-0.167	0.49390	-0.034	0.897	0.002	0.920	0.007	-0.338	0.263	0.046
-24.0	-0.183	0.45055	-0.033	0.897	0.002	0.920	0.006	-0.406	0.267	0.068
-23.0	-0.201	0.39663	-0.033	0.895	0.002	0.921	0.006	-0.508	0.243	0.084
-22.0	-0.222	0.36533	-0.034	0.893	0.002	0.922	0.006	-0.607	0.264	0.099
-21.0	-0.244	0.31989	-0.033	0.891	0.002	0.923	0.005	-0.764	0.262	0.116
-20.0	-0.269	0.28988	-0.033	0.888	0.002	0.924	0.005	-0.928	0.258	0.127
-19.0	-0.296	0.26526	-0.032	0.886	0.002	0.925	0.005	-1.116	0.262	0.141
-18.0	-0.325	0.23521	-0.032	0.883	0.002	0.926	0.004	-1.380	0.253	0.150
-17.0	-0.354	0.35509	-0.032	0.879	0.001	0.927	0.004	-0.997	0.252	0.159
-16.0	-0.378	0.28304	-0.032	0.876	0.002	0.929	0.004	-1.334	0.259	0.165
-15.0	-0.396	0.24383	-0.032	0.870	0.002	0.931	0.004	-1.625	0.253	0.170
-14.0	-0.410	0.20221	-0.032	0.864	0.002	0.934	0.004	-2.028	0.226	0.172
-13.0	-0.417	0.16612	-0.032	0.858	0.002	0.935	0.004	-2.509	0.280	0.172
-12.0	-0.414	0.14104	-0.032	0.849	0.002	0.937	0.003	-2.936	0.228	0.173
-11.0	-0.397	0.11634	-0.032	0.836	0.002	0.940	0.003	-3.413	0.255	0.170
-10.0	-0.365	0.09746	-0.032	0.824	0.002	0.943	0.003	-3.742	0.253	0.162
-9.0	-0.320	0.08080	-0.032	0.815	0.002	0.945	0.003	-3.962	0.248	0.150
-8.0	-0.263	0.06676	-0.032	0.805	0.002	0.946	0.003	-3.945	0.253	0.128
-7.0	-0.195	0.05614	-0.033	0.789	0.002	0.950	0.003	-3.481	0.252	0.083
-6.0	-0.118	0.04808	-0.032	0.775	0.002	0.952	0.003	-2.450	0.251	-0.024
-5.0	-0.033	0.04225	-0.033	0.763	0.002	0.954	0.003	-0.773	0.262	-0.753
-4.0	0.058	0.03820	-0.034	0.751	0.002	0.956	0.003	1.513	0.284	0.843
-3.0	0.152	0.03541	-0.039	0.723	0.003	0.963	0.006	4.282	0.552	0.508
-2.0	0.307	0.01056	-0.110	0.704	0.067	0.965	0.986	29.105	0.513	0.607
-1.0	0.425	0.01089	-0.111	0.673	0.357	0.972	0.990	39.025	0.261	0.511
-0.0	0.543	0.01187	-0.112	0.639	0.380	0.977	0.993	45.759	0.263	0.457
1.0	0.661	0.01306	-0.114	0.525	0.415	0.991	1.000	50.575	0.263	0.422
2.0	0.780	0.00957	-0.115	0.457	0.431	1.000	1.000	81.504	0.261	0.398
3.0	0.898	0.00694	-0.117	0.084	0.486	1.000	1.000	129.453	0.261	0.380
4.0	1.010	0.00551	-0.118	0.049	0.543	1.000	1.000	183.221	0.261	0.367
5.0	1.113	0.00447	-0.119	0.045	0.564	1.000	1.000	248.759	0.263	0.357
6.0	1.202	0.00390	-0.120	0.026	1.000	1.000	1.000	308.566	0.266	0.350
7.0	1.270	0.00416	-0.121	0.016	1.000	1.000	1.000	305.108	0.246	0.346
8.0	1.281	0.03692	-0.120	0.014	1.000	0.889	1.000	34.713	0.731	0.344
9.0	1.263	0.03748	-0.118	0.001	1.000	0.783	1.000	33.692	0.617	0.344
10.0	1.038	0.07701	-0.031	0.000	1.000	0.001	1.000	13.481	0.584	0.279
11.0	0.997	0.09379	-0.029	0.000	1.000	0.001	1.000	10.629	0.262	0.280
12.0	0.937	0.11336	-0.029	0.000	1.000	0.001	1.000	8.269	0.244	0.281
13.0	0.866	0.14016	-0.030	0.000	1.000	0.001	1.000	6.178	0.240	0.285
14.0	0.789	0.16426	-0.031	0.000	1.000	0.001	1.000	4.801	0.242	0.289
15.0	0.711	0.20555	-0.032	0.000	1.000	0.001	1.000	3.457	0.238	0.294
16.0	0.636	0.24670	-0.033	0.000	1.000	0.001	1.000	2.576	0.235	0.302
17.0	0.566	0.29390	-0.034	0.000	1.000	0.001	1.000	1.925	0.241	0.310
18.0	0.502	0.34774	-0.034	0.000	1.000	0.001	1.000	1.445	0.229	0.318
19.0	0.446	0.29770	-0.036	0.000	1.000	0.001	1.000	1.498	0.220	0.331
20.0	0.396	0.33040	-0.037	0.001	1.000	0.001	1.000	1.198	0.214	0.344
21.0	0.352	0.38407	-0.040	0.001	1.000	0.002	1.000	0.917	0.216	0.362
22.0	0.314	0.42871	-0.040	0.001	1.000	0.002	1.000	0.732	0.234	0.377
23.0	0.280	0.47868	-0.041	0.001	1.000	0.002	1.000	0.586	0.204	0.395
24.0	0.251	0.53667	-0.043	0.001	1.000	0.002	1.000	0.468	0.198	0.420
25.0	0.226	0.59556	-0.044	0.001	1.000	0.003	1.000	0.380	0.203	0.443
26.0	0.204	0.65033	-0.045	0.001	1.000	0.003	1.000	0.314	0.198	0.471
27.0	0.185	0.72646	-0.046	0.001	1.000	0.003	1.000	0.254	0.193	0.498
28.0	0.168	0.79683	-0.047	0.001	1.000	0.003	1.000	0.210	0.187	0.531
29.0	0.153	0.88534	-0.048	0.001	1.000	0.003	1.000	0.172	0.171	0.563
30.0	0.139	0.98828	-0.049	0.001	1.000	0.004	1.000	0.141	0.173	0.604
31.0	0.128	1.05776	-0.050	0.001	1.000	0.004	1.000	0.121	0.205	0.639
32.0	0.117	1.15305	-0.050	0.001	1.000	0.004	1.000	0.102	0.141	0.678
33.0	0.108	0.97805	-0.052	0.001	1.000	0.004	1.000	0.111	0.144	0.729
34.0	0.100	1.04509	-0.052	0.001	1.000	0.004	1.000	0.096	0.104	0.771
35.0	0.093	1.13321	-0.054	0.001	1.000	0.005	1.000	0.082	0.110	0.833
36.0	0.086	1.18626	-0.054	0.001	1.000	0.005	1.000	0.073	0.128	0.878
37.0	0.080	1.28631	-0.056	0.001	1.000	0.006	1.000	0.062	0.088	0.943
38.0	0.075	1.34971	-0.056	0.001	1.000	0.006	1.000	0.055	0.107	0.997
39.0	0.070	1.43745	-0.057	0.001	1.000	0.006	1.000	0.049	0.065	1.065
40.0	0.066	1.54863	-0.058	0.001	1.000	0.006	1.000	0.042	0.055	1.127
41.0	0.062	1.64573	-0.059	0.001	1.000	0.007	1.000	0.038	0.108	1.201
42.0	0.058	1.68230	-0.059	0.001	1.000	0.006	1.000	0.035	0.029	1.260
43.0	0.055	1.84325	-0.060	0.001	1.000	0.007	1.000	0.030	0.049	1.348
44.0	0.052	1.88591	-0.060	0.001	1.000	0.007	1.000	0.027	1.423	1.407
45.0	0.049	1.96729	-0.053	0.001	0.500	0.008	0.500	0.025	1.487	1.340
46.0	0.047	2.02738	-0.053	0.001	0.500	0.007	0.500	0.023	0.092	1.398
47.0	0.044	2.10423	-0.054	0.001	0.500	0.008	0.500	0.021	-0.136	1.476
48.0	0.042	2.27157	-0.055	0.001	0.500	0.008	0.500	0.019	0.032	1.560
49.0	0.040	2.34668	-0.055	0.001	0.500	0.008	0.500	0.017	0.076	1.623
50.0	0.038	2.43970	-0.056	0.001	0.500	0.009	0.500	0.016	-0.141	1.707
51.0	0.037	2.53355	-0.056	0.001	0.500	0.009	0.500	0.014	0.066	1.791
52.0	0.035	2.62533	-0.056	0.001	0.500	0.009	0.500	0.013	0.065	1.857
53.0	0.034	2.74297	-0.057	0.001	0.500	0.009	0.500	0.012	-0.214	1.944
54.0	0.032	2.51987	-0.058	0.001	0.500	0.010	0.500	0.013	-0.185	2.034
55.0	0.031	2.54733	-0.058	0.001	0.500	0.010	0.500	0.012	0.120	2.120
56.0	0.030	2.63620	-0.058	0.002	0.500	0.010	0.500	0.011	0.038	2.186
57.0	0.029	2.77277	-0.059	0.002	0.500	0.011	0.500	0.010	-0.239	2.279
58.0	0.028	2.80475	-0.059	0.002	0.500	0.011	0.500	0.010	0.142	2.366
59.0	0.027	2.92445	-0.059	0.002	0.500	0.011	0.500	0.009	0.155	2.432
60.0	0.026	2.98027	-0.059	0.002	0.500	0.011	0.500	0.009	-0.162	2.517
61.0	0.025	3.03509	-0.060	0.002	0.500	0.012	0.500	0.008	-0.182	2.602
62.0	0.025	3.09444	-0.060	0.002	0.500	0.012	0.502	0.008	-0.218	2.688
63.0	0.024	3.17286	-0.060	0.002	0.500	0.012	0.504	0.008	0.273	2.774
64.0	0.023	3.20587	-0.060	0.002	0.500	0.012	0.507	0.007	0.297	2.830
65.0	0.023	3.30092	-0.060	0.002	0.500	0.012	0.509	0.007	-0.257	2.914
66.0	0.022	3.39116	-0.060	0.002	0.500	0.013	0.512	0.006	-0.104	2.996
67.0	0.021	3.36156	-0.061	0.002	0.500	0.013	0.515	0.006	-0.091	3.069
68.0	0.021	3.48441	-0.061	0.002	0.500	0.013	0.518	0.006	0.438	3.148
69.0	0.021	3.55387	-0.060	0.002	0.502	0.013	0.520	0.006	0.683	3.193
70.0	0.020	3.55256	-0.060	0.002	0.503	0.013	0.523	0.006	0.176	3.259
71.0	0.020	3.56161	-0.060	0.002	0.505	0.013	0.525	0.006	0.023	3.322
72.0	0.019	3.70538	-0.061	0.002	0.506	0.013	0.527	0.005	0.065	3.390
73.0	0.019	3.72427	-0.061	0.002	0.507	0.014	0.529	0.005	0.339	3.447
74.0	0.019	3.75648	-0.061	0.002	0.508	0.014	0.531	0.005	1.368	3.501
75.0	0.018	4.25764	-0.060	0.002	0.509	0.013	0.534	0.004	1.501	3.519
76.0	0.018	4.30108	-0.060	0.002	0.511	0.013	0.536	0.004	0.516	3.566
77.0	0.018	4.35600	-0.060	0.002	0.511	0.014	0.538	0.004	0.616	3.611
78.0	0.018	4.41914	-0.060	0.002	0.512	0.014	0.540	0.004	1.044	3.650
79.0	0.017	4.33845	-0.059	0.002	0.513	0.014	0.542	0.004	1.190	3.679
80.0	0.017	4.40292	-0.059	0.002	0.514	0.014	0.544	0.004	1.365	3.711
81.0	0.017	4.33168	-0.059	0.002	0.515	0.014	0.546	0.004	1.551	3.731
82.0	0.017	4.42818	-0.059	0.002	0.516	0.014	0.549	0.004	1.763	3.756
83.0	0.017	4.38150	-0.058	0.002	0.517	0.014	0.551	0.004	2.547	3.768
84.0	0.016	4.34163	-0.058	0.002	0.518	0.014	0.553	0.004	2.965	3.776
85.0	0.016	4.31168	-0.058	0.002	0.519	0.014	0.555	0.004	3.492	3.780
86.0	0.016	4.28668	-0.057	0.002	0.520	0.014	0.557	0.004	4.159	3.780
87.0	0.016	4.27435	-0.057	0.002	0.520	0.014	0.559	0.004	7.640	3.776
88.0	0.016	4.34655	-0.056	0.002	0.521	0.014	0.562	0.004	9.587	3.743
89.0	0.016	4.34675	-0.056	0.002	0.522	0.014	0.564	0.004	9.913	3.730
90.0	0.016	4.89726	-0.055	0.002	0.523	0.013	0.566	0.003	14.188	3.706
91.0	0.016	4.89638	-0.055	0.002	0.523	0.013	0.570	0.003	22.291	3.688
92.0	0.016	4.91431	-0.055	0.002	0.524	0.013	0.573	0.003	154.272	3.666
93.0	0.016	4.78409	-0.054	0.002	0.525	0.013	0.575	0.003	-39.837	3.631
94.0	0.016	4.80960	-0.054	0.002	0.526	0.013	0.579	0.003	1.212	3.602
95.0	0.018	2.47887	-0.056	0.520	0.005	0.574	0.018	0.007	1.121	3.327
96.0	0.018	2.49765	-0.056	0.519	0.005	0.569	0.018	0.007	-12.669	3.289
97.0	0.018	1.81007	-0.055	0.518	0.005	0.565	0.018	0.010	-8.898	3.248
98.0	0.018	1.82213	-0.054	0.517	0.005	0.561	0.018	0.010	-6.848	3.204
99.0	0.019	1.83646	-0.054	0.516	0.005	0.556	0.018	0.010	-6.347	3.158
100.0	0.019	1.78305	-0.053	0.515	0.005	0.552	0.017	0.010	-5.218	3.102
101.0	0.019	1.79979	-0.053	0.514	0.005	0.548	0.017	0.010	-3.927	3.052
102.0	0.019	1.81839	-0.052	0.513	0.005	0.545	0.017	0.010	-3.841	2.999
103.0	0.019	2.36220	-0.051	0.512	0.005	0.541	0.017	0.008	-2.311	2.938
104.0	0.019	1.80244	-0.051	0.511	0.005	0.537	0.018	0.011	-2.005	2.900
105.0	0.019	1.75845	-0.050	0.510	0.005	0.534	0.018	0.011	-2.570	2.836
106.0	0.020	1.38624	-0.050	0.509	0.005	0.531	0.018	0.014	-2.235	2.777
107.0	0.020	1.35231	-0.049	0.507	0.005	0.529	0.017	0.015	-2.228	2.711
108.0	0.020	1.86338	-0.048	0.506	0.005	0.526	0.017	0.011	-2.008	2.643
109.0	0.021	1.83555	-0.048	0.505	0.005	0.524	0.017	0.011	-1.799	2.575
110.0	0.021	1.80240	-0.047	0.504	0.005	0.521	0.017	0.012	-1.611	2.507
111.0	0.021	1.77302	-0.047	0.503	0.005	0.519	0.017	0.012	-1.455	2.438
112.0	0.022	1.74738	-0.046	0.501	0.005	0.517	0.016	0.012	-0.768	2.369
113.0	0.022	1.77538	-0.046	0.500	0.005	0.514	0.017	0.012	-0.823	2.321
114.0	0.023	1.67668	-0.045	0.500	0.005	0.511	0.017	0.013	-1.218	2.246
115.0	0.023	1.66520	-0.044	0.500	0.005	0.508	0.016	0.014	-0.981	2.177
116.0	0.024	1.65721	-0.044	0.500	0.005	0.505	0.016	0.014	-0.981	2.108
117.0	0.024	1.57058	-0.043	0.500	0.005	0.502	0.016	0.015	-0.862	2.035
118.0	0.025	1.56047	-0.042	0.500	0.005	0.500	0.016	0.016	-0.370	1.967
119.0	0.025	1.53268	-0.042	0.500	0.005	0.500	0.016	0.017	-0.363	1.914
120.0	0.026	1.46271	-0.042	0.500	0.005	0.500	0.016	0.018	-0.532	1.844
121.0	0.027	1.46979	-0.041	0.500	0.005	0.500	0.015	0.018	-0.466	1.780
122.0	0.028	1.40106	-0.040	0.500	0.005	0.500	0.015	0.020	-0.212	1.712
123.0	0.029	1.38677	-0.040	0.500	0.005	0.500	0.015	0.021	-0.165	1.661
124.0	0.029	1.31809	-0.040	0.500	0.005	0.500	0.015	0.022	-0.347	1.596
125.0	0.031	1.26535	-0.039	0.500	0.005	0.500	0.015	0.024	-0.296	1.532
126.0	0.032	1.21521	-0.039	0.500	0.005	0.500	0.014	0.026	-0.248	1.469
127.0	0.033	1.16321	-0.038	0.500	0.005	0.500	0.014	0.028	-0.019	1.408
128.0	0.034	1.16010	-0.038	0.500	0.004	0.500	0.014	0.029	0.011	1.362
129.0	0.035	1.11665	-0.037	0.500	0.004	0.500	0.014	0.032	-0.120	1.304
130.0	0.037	1.06946	-0.037	0.500	0.004	0.500	0.013	0.035	-0.011	1.248
131.0	0.038	0.99031	-0.037	0.500	0.004	0.500	0.013	0.039	0.017	1.199
132.0	0.040	0.95345	-0.036	0.500	0.004	0.500	0.013	0.042	0.778	1.146
133.0	0.046	1.24069	-0.040	0.899	0.004	0.908	0.013	0.037	0.742	1.131
134.0	0.048	1.17453	-0.040	0.899	0.004	0.909	0.013	0.041	-0.000	1.080
135.0	0.051	0.99686	-0.039	0.899	0.004	0.910	0.012	0.051	0.131	1.028
136.0	0.053	0.96485	-0.039	0.899	0.004	0.910	0.012	0.055	0.146	0.990
137.0	0.056	0.82932	-0.039	0.899	0.004	0.911	0.012	0.068	0.116	0.941
138.0	0.059	0.78214	-0.039	0.900	0.004	0.912	0.012	0.076	0.152	0.902
139.0	0.063	0.71316	-0.038	0.900	0.004	0.912	0.011	0.088	0.166	0.859
140.0	0.066	0.65864	-0.038	0.900	0.003	0.913	0.011	0.101	0.177	0.823
141.0	0.070	0.58940	-0.038	0.899	0.003	0.914	0.011	0.119	0.137	0.784
142.0	0.075	0.55210	-0.037	0.899	0.003	0.915	0.010	0.135	0.196	0.744
143.0	0.080	0.52110	-0.037	0.899	0.003	0.916	0.011	0.153	0.204	0.714
144.0	0.085	0.47358	-0.036	0.899	0.003	0.916	0.010	0.180	0.211	0.678
145.0	0.091	0.44501	-0.037	0.899	0.003	0.916	0.010	0.205	0.204	0.651
146.0	0.098	0.71145	-0.036	0.899	0.003	0.917	0.009	0.137	0.201	0.617
147.0	0.105	0.65109	-0.036	0.899	0.003	0.917	0.009	0.161	0.217	0.591
148.0	0.113	0.59583	-0.035	0.899	0.003	0.917	0.009	0.190	0.213	0.562
149.0	0.122	0.55404	-0.035	0.899	0.003	0.918	0.009	0.221	0.217	0.538
150.0	0.133	0.50650	-0.035	0.899	0.003	0.918	0.008	0.262	0.229	0.512
151.0	0.144	0.46703	-0.035	0.899	0.002	0.919	0.008	0.308	0.232	0.492
152.0	0.157	0.42315	-0.034	0.898	0.002	0.919	0.007	0.370	0.235	0.469
153.0	0.171	0.37361	-0.034	0.898	0.002	0.919	0.007	0.457	0.230	0.451
154.0	0.187	0.32863	-0.034	0.898	0.002	0.919	0.007	0.569	0.239	0.430
155.0	0.205	0.29638	-0.034	0.897	0.002	0.920	0.007	0.691	0.239	0.416
156.0	0.225	0.26547	-0.033	0.897	0.002	0.920	0.006	0.847	0.236	0.398
157.0	0.247	0.22387	-0.033	0.895	0.002	0.921	0.006	1.105	0.256	0.385
158.0	0.272	0.20451	-0.034	0.893	0.002	0.922	0.006	1.332	0.238	0.373
159.0	0.300	0.17034	-0.033	0.891	0.002	0.923	0.005	1.763	0.240	0.359
160.0	0.331	0.15143	-0.033	0.888	0.002	0.924	0.005	2.185	0.243	0.350
161.0	0.364	0.13730	-0.032	0.886	0.002	0.925	0.005	2.651	0.240	0.339
162.0	0.399	0.11739	-0.032	0.883	0.002	0.926	0.004	3.401	0.248	0.331
163.0	0.436	0.24696	-0.032	0.879	0.001	0.927	0.004	1.764	0.248	0.324
164.0	0.465	0.18411	-0.032	0.876	0.002	0.929	0.004	2.525	0.243	0.319
165.0	0.488	0.15357	-0.032	0.870	0.002	0.931	0.004	3.177	0.248	0.315
166.0	0.505	0.12020	-0.032	0.864	0.002	0.934	0.004	4.203	0.269	0.313
167.0	0.514	0.09183	-0.032	0.858	0.002	0.935	0.004	5.595	0.227	0.313
168.0	0.511	0.07390	-0.032	0.849	0.002	0.937	0.003	6.911	0.268	0.313
169.0	0.490	0.05582	-0.032	0.836	0.002	0.940	0.003	8.777	0.246	0.315
170.0	0.450	0.04305	-0.032	0.824	0.002	0.943	0.003	10.459	0.248	0.321
171.0	0.395	0.03193	-0.032	0.815	0.002	0.945	0.003	12.382	0.251	0.331
172.0	0.325	0.02290	-0.032	0.805	0.002	0.946	0.003	14.209	0.247	0.348
173.0	0.242	0.01673	-0.033	0.789	0.002	0.950	0.003	14.443	0.249	0.385
174.0	0.146	0.01252	-0.032	0.775	0.002	0.952	0.003	11.647	0.249	0.471
175.0	0.040	0.00997	-0.033	0.763	0.002	0.954	0.003	4.057	0.241	1.061
176.0	-0.072	0.00863	-0.034	0.751	0.002	0.956	0.003	-8.286	0.222	-0.229
177.0	-0.188	0.00806	-0.039	0.723	0.003	0.963	0.006	-23.289	-0.071	0.042
178.0	-0.306	0.01058	-0.110	0.704	0.067	0.965	0.986	-28.920	-0.055	-0.108
179.0	-0.423	0.01091	-0.111	0.673	0.357	0.972	0.990	-38.818	0.239	-0.012
180.0	-0.541	0.01188	-0.112	0.639	0.380	0.977	0.993	-45.562	0.239	0.043
